Geometry:Spherical
!KEY:ID;Type;<x;y;z>;{parent-1;parent-2;...};isShown;hasLabel;isReal;displayString
0;FIXedPT;<0.9999546934272335;1.6302798075419082E-5;-0.009518971954274388>;{};true;false;true;
1;FIXedPT;<-1.7150631548417383E-5;0.9999999958936621;-8.898613292252622E-5>;{};true;false;true;
2;FIXedPT;<0.009518970464463318;8.914535764652923E-5;0.9999546896006848>;{};true;false;true;
3;LINE;<0.009518970464634811;8.913535809967229E-5;0.9999546896015746>;{0;1};true;false;true;
4;LINE;<1.715063153994884E-5;-0.9999999958936621;8.898613203270719E-5>;{0;2};true;false;true;
5;LINE;<0.9999546934281397;1.63027980839028E-5;-0.009518971859088985>;{1;2};true;false;true;
6;FIXedPT;<-0.9999546934272335;-1.6302798075417083E-5;0.009518971954274391>;{};true;false;true;
7;FIXedPT;<1.7150631548419403E-5;-0.9999999958936621;8.89861329225282E-5>;{};true;false;true;
8;FIXedPT;<-0.009518970464463315;-8.914535764652722E-5;-0.9999546896006848>;{};true;false;true;